2
5.000
900.000
111.87
116.97
121.13
118.01
117.50
123.33
119.46
124.10
122.61
122.03
130.77
123.19
123.83
139.12
134.21
135.71
125.94
129.75
134.88
128.16
131.06
132.12
133.81
129.41
131.86
136.17
138.78
137.69
134.51
132.14
132.95
141.65
134.51
135.29
137.29
136.29
135.53
141.82
136.48
135.93
138.06
140.04
140.26
139.39
393.49
397.88
402.27
406.66
411.04
415.43
419.82
424.21
428.60
432.98
437.37
441.76
446.14
450.53
454.91
459.30
463.68
468.07
472.45
476.83
481.22
485.60
489.98
494.37
498.75
503.13
507.51
511.89
516.28
520.66
525.04
529.42
533.80
538.18
542.56
546.94
551.32
555.69
560.07
564.45
568.83
573.21
577.59
581.96
586.34
590.72
595.09
599.47
603.85
608.22
612.60
616.98
621.35
625.73
630.10
634.48
638.85
643.23
647.60
651.98
656.35
660.73
665.10
669.48
673.85
678.22
682.60
686.97
691.34
695.72
700.09
704.46
708.83
713.21
717.58
721.95
726.32
730.69
735.07
739.44
743.81
748.18
752.55
756.92
761.29
765.66
770.03
774.40
778.77
783.14
787.51
791.88
796.25
800.62
804.99
809.36
813.73
818.10
822.47
826.84
