0.010000 0 0.010000
0.010000 1 0.010000
1.010000 0 1.010000
1.010000 1 1.010000
2.010000 0 2.010000
2.010000 1 2.010000
3.010000 0 3.010000
3.010000 1 3.010000
4.010000 0 4.010000
4.010000 1 4.010000
5.010000 0 5.010000
5.010000 1 5.010000
6.010000 0 6.010000
6.010000 1 6.010000
7.010000 0 7.010000
7.010000 1 7.010000
8.010000 0 8.010000
8.010000 1 8.010000
9.010000 0 9.010000
9.010000 1 9.010000
10.010000 0 10.010000
10.010000 1 10.010000
11.010000 0 11.010000
11.010000 1 11.010000
12.010000 0 12.010000
12.010000 1 12.010000
13.010000 0 13.010000
13.010000 1 13.010000
14.010000 0 14.010000
14.010000 1 14.010000
15.010000 0 15.010000
15.010000 1 15.010000
16.010000 0 16.010000
16.010000 1 16.010000
17.010000 0 17.010000
17.010000 1 17.010000
18.010000 0 18.010000
18.010000 1 18.010000
19.010000 0 19.010000
19.010000 1 19.010000
20.010000 0 20.010000
20.010000 1 20.010000
21.010000 0 21.010000
21.010000 1 21.010000
22.010000 0 22.010000
22.010000 1 22.010000
23.010000 0 23.010000
23.010000 1 23.010000
24.010000 0 24.010000
24.010000 1 24.010000
25.010000 0 25.010000
25.010000 1 25.010000
26.010000 0 26.010000
26.010000 1 26.010000
27.010000 0 27.010000
27.010000 1 27.010000
28.010000 0 28.010000
28.010000 1 28.010000
29.010000 0 29.010000
29.010000 1 29.010000
30.010000 0 30.010000
30.010000 1 30.010000
31.010000 0 31.010000
31.010000 1 31.010000
32.010000 0 32.010000
32.010000 1 32.010000
33.010000 0 33.010000
33.010000 1 33.010000
34.010000 0 34.010000
34.010000 1 34.010000
35.010000 0 35.010000
35.010000 1 35.010000
36.010000 0 36.010000
36.010000 1 36.010000
37.010000 0 37.010000
37.010000 1 37.010000
38.010000 0 38.010000
38.010000 1 38.010000
39.010000 0 39.010000
39.010000 1 39.010000
40.010000 0 40.010000
40.010000 1 40.010000
41.010000 0 41.010000
41.010000 1 41.010000
42.010000 0 42.010000
42.010000 1 42.010000
43.010000 0 43.010000
43.010000 1 43.010000
44.010000 0 44.010000
44.010000 1 44.010000
45.010000 0 45.010000
45.010000 1 45.010000
46.010000 0 46.010000
46.010000 1 46.010000
47.010000 0 47.010000
47.010000 1 47.010000
48.010000 0 48.010000
48.010000 1 48.010000
49.010000 0 49.010000
49.010000 1 49.010000
50.010000 0 50.010000
50.010000 1 50.010000
51.010000 0 51.010000
51.010000 1 51.010000
52.010000 0 52.010000
52.010000 1 52.010000
53.010000 0 53.010000
53.010000 1 53.010000
54.010000 0 54.010000
54.010000 1 54.010000
55.010000 0 55.010000
55.010000 1 55.010000
56.010000 0 56.010000
56.010000 1 56.010000
57.010000 0 57.010000
57.010000 1 57.010000
58.010000 0 58.010000
58.010000 1 58.010000
59.010000 0 59.010000
59.010000 1 59.010000
60.010000 0 60.010000
60.010000 1 60.010000
61.010000 0 61.010000
61.010000 1 61.010000
62.010000 0 62.010000
62.010000 1 62.010000
63.010000 0 63.010000
63.010000 1 63.010000
64.010000 0 64.010000
64.010000 1 64.010000
65.010000 0 65.010000
65.010000 1 65.010000
66.010000 0 66.010000
66.010000 1 66.010000
67.010000 0 67.010000
67.010000 1 67.010000
68.010000 0 68.010000
68.010000 1 68.010000
69.010000 0 69.010000
69.010000 1 69.010000
70.010000 0 70.010000
70.010000 1 70.010000
71.010000 0 71.010000
71.010000 1 71.010000
72.010000 0 72.010000
72.010000 1 72.010000
73.010000 0 73.010000
73.010000 1 73.010000
74.010000 0 74.010000
74.010000 1 74.010000
75.010000 0 75.010000
75.010000 1 75.010000
76.010000 0 76.010000
76.010000 1 76.010000
77.010000 0 77.010000
77.010000 1 77.010000
78.010000 0 78.010000
78.010000 1 78.010000
79.010000 0 79.010000
79.010000 1 79.010000
80.010000 0 80.010000
80.010000 1 80.010000
81.010000 0 81.010000
81.010000 1 81.010000
82.010000 0 82.010000
82.010000 1 82.010000
83.010000 0 83.010000
83.010000 1 83.010000
84.010000 0 84.010000
84.010000 1 84.010000
85.010000 0 85.010000
85.010000 1 85.010000
86.010000 0 86.010000
86.010000 1 86.010000
87.010000 0 87.010000
87.010000 1 87.010000
88.010000 0 88.010000
88.010000 1 88.010000
89.010000 0 89.010000
89.010000 1 89.010000
90.010000 0 90.010000
90.010000 1 90.010000
91.010000 0 91.010000
91.010000 1 91.010000
92.010000 0 92.010000
92.010000 1 92.010000
93.010000 0 93.010000
93.010000 1 93.010000
94.010000 0 94.010000
94.010000 1 94.010000
95.010000 0 95.010000
95.010000 1 95.010000
96.010000 0 96.010000
96.010000 1 96.010000
97.010000 0 97.010000
97.010000 1 97.010000
98.010000 0 98.010000
98.010000 1 98.010000
99.010000 0 99.010000
99.010000 1 99.010000
100.010000 0 100.010000
100.010000 1 100.010000
101.010000 0 101.010000
101.010000 1 101.010000
102.010000 0 102.010000
102.010000 1 102.010000
103.010000 0 103.010000
103.010000 1 103.010000
104.010000 0 104.010000
104.010000 1 104.010000
105.010000 0 105.010000
105.010000 1 105.010000
106.010000 0 106.010000
106.010000 1 106.010000
107.010000 0 107.010000
107.010000 1 107.010000
108.010000 0 108.010000
108.010000 1 108.010000
109.010000 0 109.010000
109.010000 1 109.010000
110.010000 0 110.010000
110.010000 1 110.010000
111.010000 0 111.010000
111.010000 1 111.010000
112.010000 0 112.010000
112.010000 1 112.010000
113.010000 0 113.010000
113.010000 1 113.010000
114.010000 0 114.010000
114.010000 1 114.010000
115.010000 0 115.010000
115.010000 1 115.010000
116.010000 0 116.010000
116.010000 1 116.010000
117.010000 0 117.010000
117.010000 1 117.010000
118.010000 0 118.010000
118.010000 1 118.010000
119.010000 0 119.010000
119.010000 1 119.010000
120.010000 0 120.010000
120.010000 1 120.010000
121.010000 0 121.010000
121.010000 1 121.010000
122.010000 0 122.010000
122.010000 1 122.010000
123.010000 0 123.010000
123.010000 1 123.010000
124.010000 0 124.010000
124.010000 1 124.010000
125.010000 0 125.010000
125.010000 1 125.010000
126.010000 0 126.010000
126.010000 1 126.010000
127.010000 0 127.010000
127.010000 1 127.010000
128.010000 0 128.010000
128.010000 1 128.010000
129.010000 0 129.010000
129.010000 1 129.010000
130.010000 0 130.010000
130.010000 1 130.010000
131.010000 0 131.010000
131.010000 1 131.010000
132.010000 0 132.010000
132.010000 1 132.010000
133.010000 0 133.010000
133.010000 1 133.010000
134.010000 0 134.010000
134.010000 1 134.010000
135.010000 0 135.010000
135.010000 1 135.010000
136.010000 0 136.010000
136.010000 1 136.010000
137.010000 0 137.010000
137.010000 1 137.010000
138.010000 0 138.010000
138.010000 1 138.010000
139.010000 0 139.010000
139.010000 1 139.010000
140.010000 0 140.010000
140.010000 1 140.010000
141.010000 0 141.010000
141.010000 1 141.010000
142.010000 0 142.010000
142.010000 1 142.010000
143.010000 0 143.010000
143.010000 1 143.010000
144.010000 0 144.010000
144.010000 1 144.010000
145.010000 0 145.010000
145.010000 1 145.010000
146.010000 0 146.010000
146.010000 1 146.010000
147.010000 0 147.010000
147.010000 1 147.010000
148.010000 0 148.010000
148.010000 1 148.010000
149.010000 0 149.010000
149.010000 1 149.010000
0.010000 0 0.010000
0.010000 1 0.010000
1.010000 0 1.010000
1.010000 1 1.010000
2.010000 0 2.010000
2.010000 1 2.010000
3.010000 0 3.010000
3.010000 1 3.010000
4.010000 0 4.010000
4.010000 1 4.010000
5.010000 0 5.010000
5.010000 1 5.010000
6.010000 0 6.010000
6.010000 1 6.010000
7.010000 0 7.010000
7.010000 1 7.010000
8.010000 0 8.010000
8.010000 1 8.010000
9.010000 0 9.010000
9.010000 1 9.010000
10.010000 0 10.010000
10.010000 1 10.010000
11.010000 0 11.010000
11.010000 1 11.010000
12.010000 0 12.010000
12.010000 1 12.010000
13.010000 0 13.010000
13.010000 1 13.010000
14.010000 0 14.010000
14.010000 1 14.010000
15.010000 0 15.010000
15.010000 1 15.010000
16.010000 0 16.010000
16.010000 1 16.010000
17.010000 0 17.010000
17.010000 1 17.010000
18.010000 0 18.010000
18.010000 1 18.010000
19.010000 0 19.010000
19.010000 1 19.010000
20.010000 0 20.010000
20.010000 1 20.010000
21.010000 0 21.010000
21.010000 1 21.010000
22.010000 0 22.010000
22.010000 1 22.010000
23.010000 0 23.010000
23.010000 1 23.010000
24.010000 0 24.010000
24.010000 1 24.010000
25.010000 0 25.010000
25.010000 1 25.010000
26.010000 0 26.010000
26.010000 1 26.010000
27.010000 0 27.010000
27.010000 1 27.010000
28.010000 0 28.010000
28.010000 1 28.010000
29.010000 0 29.010000
29.010000 1 29.010000
30.010000 0 30.010000
30.010000 1 30.010000
31.010000 0 31.010000
31.010000 1 31.010000
32.010000 0 32.010000
32.010000 1 32.010000
33.010000 0 33.010000
33.010000 1 33.010000
34.010000 0 34.010000
34.010000 1 34.010000
35.010000 0 35.010000
35.010000 1 35.010000
36.010000 0 36.010000
36.010000 1 36.010000
37.010000 0 37.010000
37.010000 1 37.010000
38.010000 0 38.010000
38.010000 1 38.010000
39.010000 0 39.010000
39.010000 1 39.010000
40.010000 0 40.010000
40.010000 1 40.010000
41.010000 0 41.010000
41.010000 1 41.010000
42.010000 0 42.010000
42.010000 1 42.010000
43.010000 0 43.010000
43.010000 1 43.010000
44.010000 0 44.010000
44.010000 1 44.010000
45.010000 0 45.010000
45.010000 1 45.010000
46.010000 0 46.010000
46.010000 1 46.010000
47.010000 0 47.010000
47.010000 1 47.010000
48.010000 0 48.010000
48.010000 1 48.010000
49.010000 0 49.010000
49.010000 1 49.010000
50.010000 0 50.010000
50.010000 1 50.010000
51.010000 0 51.010000
51.010000 1 51.010000
52.010000 0 52.010000
52.010000 1 52.010000
53.010000 0 53.010000
53.010000 1 53.010000
54.010000 0 54.010000
54.010000 1 54.010000
55.010000 0 55.010000
55.010000 1 55.010000
56.010000 0 56.010000
56.010000 1 56.010000
57.010000 0 57.010000
57.010000 1 57.010000
58.010000 0 58.010000
58.010000 1 58.010000
59.010000 0 59.010000
59.010000 1 59.010000
60.010000 0 60.010000
60.010000 1 60.010000
61.010000 0 61.010000
61.010000 1 61.010000
62.010000 0 62.010000
62.010000 1 62.010000
63.010000 0 63.010000
63.010000 1 63.010000
64.010000 0 64.010000
64.010000 1 64.010000
65.010000 0 65.010000
65.010000 1 65.010000
66.010000 0 66.010000
66.010000 1 66.010000
67.010000 0 67.010000
67.010000 1 67.010000
68.010000 0 68.010000
68.010000 1 68.010000
69.010000 0 69.010000
69.010000 1 69.010000
70.010000 0 70.010000
70.010000 1 70.010000
71.010000 0 71.010000
71.010000 1 71.010000
72.010000 0 72.010000
72.010000 1 72.010000
73.010000 0 73.010000
73.010000 1 73.010000
74.010000 0 74.010000
74.010000 1 74.010000
75.010000 0 75.010000
75.010000 1 75.010000
76.010000 0 76.010000
76.010000 1 76.010000
77.010000 0 77.010000
77.010000 1 77.010000
78.010000 0 78.010000
78.010000 1 78.010000
79.010000 0 79.010000
79.010000 1 79.010000
80.010000 0 80.010000
80.010000 1 80.010000
81.010000 0 81.010000
81.010000 1 81.010000
82.010000 0 82.010000
82.010000 1 82.010000
83.010000 0 83.010000
83.010000 1 83.010000
84.010000 0 84.010000
84.010000 1 84.010000
85.010000 0 85.010000
85.010000 1 85.010000
86.010000 0 86.010000
86.010000 1 86.010000
87.010000 0 87.010000
87.010000 1 87.010000
88.010000 0 88.010000
88.010000 1 88.010000
89.010000 0 89.010000
89.010000 1 89.010000
90.010000 0 90.010000
90.010000 1 90.010000
91.010000 0 91.010000
91.010000 1 91.010000
92.010000 0 92.010000
92.010000 1 92.010000
93.010000 0 93.010000
93.010000 1 93.010000
94.010000 0 94.010000
94.010000 1 94.010000
95.010000 0 95.010000
95.010000 1 95.010000
96.010000 0 96.010000
96.010000 1 96.010000
97.010000 0 97.010000
97.010000 1 97.010000
98.010000 0 98.010000
98.010000 1 98.010000
99.010000 0 99.010000
99.010000 1 99.010000
100.010000 0 100.010000
100.010000 1 100.010000
101.010000 0 101.010000
101.010000 1 101.010000
102.010000 0 102.010000
102.010000 1 102.010000
103.010000 0 103.010000
103.010000 1 103.010000
104.010000 0 104.010000
104.010000 1 104.010000
105.010000 0 105.010000
105.010000 1 105.010000
106.010000 0 106.010000
106.010000 1 106.010000
107.010000 0 107.010000
107.010000 1 107.010000
108.010000 0 108.010000
108.010000 1 108.010000
109.010000 0 109.010000
109.010000 1 109.010000
110.010000 0 110.010000
110.010000 1 110.010000
111.010000 0 111.010000
111.010000 1 111.010000
112.010000 0 112.010000
112.010000 1 112.010000
113.010000 0 113.010000
113.010000 1 113.010000
114.010000 0 114.010000
114.010000 1 114.010000
115.010000 0 115.010000
115.010000 1 115.010000
116.010000 0 116.010000
116.010000 1 116.010000
117.010000 0 117.010000
117.010000 1 117.010000
118.010000 0 118.010000
118.010000 1 118.010000
119.010000 0 119.010000
119.010000 1 119.010000
120.010000 0 120.010000
120.010000 1 120.010000
121.010000 0 121.010000
121.010000 1 121.010000
122.010000 0 122.010000
122.010000 1 122.010000
123.010000 0 123.010000
123.010000 1 123.010000
124.010000 0 124.010000
124.010000 1 124.010000
125.010000 0 125.010000
125.010000 1 125.010000
126.010000 0 126.010000
126.010000 1 126.010000
127.010000 0 127.010000
127.010000 1 127.010000
128.010000 0 128.010000
128.010000 1 128.010000
129.010000 0 129.010000
129.010000 1 129.010000
130.010000 0 130.010000
130.010000 1 130.010000
131.010000 0 131.010000
131.010000 1 131.010000
132.010000 0 132.010000
132.010000 1 132.010000
133.010000 0 133.010000
133.010000 1 133.010000
134.010000 0 134.010000
134.010000 1 134.010000
135.010000 0 135.010000
135.010000 1 135.010000
136.010000 0 136.010000
136.010000 1 136.010000
137.010000 0 137.010000
137.010000 1 137.010000
138.010000 0 138.010000
138.010000 1 138.010000
139.010000 0 139.010000
139.010000 1 139.010000
140.010000 0 140.010000
140.010000 1 140.010000
141.010000 0 141.010000
141.010000 1 141.010000
142.010000 0 142.010000
142.010000 1 142.010000
143.010000 0 143.010000
143.010000 1 143.010000
144.010000 0 144.010000
144.010000 1 144.010000
145.010000 0 145.010000
145.010000 1 145.010000
146.010000 0 146.010000
146.010000 1 146.010000
147.010000 0 147.010000
147.010000 1 147.010000
148.010000 0 148.010000
148.010000 1 148.010000
149.010000 0 149.010000
149.010000 1 149.010000
0.010000 0 0.010000
0.010000 1 0.010000
1.010000 0 1.010000
1.010000 1 1.010000
2.010000 0 2.010000
2.010000 1 2.010000
3.010000 0 3.010000
3.010000 1 3.010000
4.010000 0 4.010000
4.010000 1 4.010000
5.010000 0 5.010000
5.010000 1 5.010000
6.010000 0 6.010000
6.010000 1 6.010000
7.010000 0 7.010000
7.010000 1 7.010000
8.010000 0 8.010000
8.010000 1 8.010000
9.010000 0 9.010000
9.010000 1 9.010000
10.010000 0 10.010000
10.010000 1 10.010000
11.010000 0 11.010000
11.010000 1 11.010000
12.010000 0 12.010000
12.010000 1 12.010000
13.010000 0 13.010000
13.010000 1 13.010000
14.010000 0 14.010000
14.010000 1 14.010000
15.010000 0 15.010000
15.010000 1 15.010000
16.010000 0 16.010000
16.010000 1 16.010000
17.010000 0 17.010000
17.010000 1 17.010000
18.010000 0 18.010000
18.010000 1 18.010000
19.010000 0 19.010000
19.010000 1 19.010000
20.010000 0 20.010000
20.010000 1 20.010000
21.010000 0 21.010000
21.010000 1 21.010000
22.010000 0 22.010000
22.010000 1 22.010000
23.010000 0 23.010000
23.010000 1 23.010000
24.010000 0 24.010000
24.010000 1 24.010000
25.010000 0 25.010000
25.010000 1 25.010000
26.010000 0 26.010000
26.010000 1 26.010000
27.010000 0 27.010000
27.010000 1 27.010000
28.010000 0 28.010000
28.010000 1 28.010000
29.010000 0 29.010000
29.010000 1 29.010000
30.010000 0 30.010000
30.010000 1 30.010000
31.010000 0 31.010000
31.010000 1 31.010000
32.010000 0 32.010000
32.010000 1 32.010000
33.010000 0 33.010000
33.010000 1 33.010000
34.010000 0 34.010000
34.010000 1 34.010000
35.010000 0 35.010000
35.010000 1 35.010000
36.010000 0 36.010000
36.010000 1 36.010000
37.010000 0 37.010000
37.010000 1 37.010000
38.010000 0 38.010000
38.010000 1 38.010000
39.010000 0 39.010000
39.010000 1 39.010000
40.010000 0 40.010000
40.010000 1 40.010000
41.010000 0 41.010000
41.010000 1 41.010000
42.010000 0 42.010000
42.010000 1 42.010000
43.010000 0 43.010000
43.010000 1 43.010000
44.010000 0 44.010000
44.010000 1 44.010000
45.010000 0 45.010000
45.010000 1 45.010000
46.010000 0 46.010000
46.010000 1 46.010000
47.010000 0 47.010000
47.010000 1 47.010000
48.010000 0 48.010000
48.010000 1 48.010000
49.010000 0 49.010000
49.010000 1 49.010000
50.010000 0 50.010000
50.010000 1 50.010000
51.010000 0 51.010000
51.010000 1 51.010000
52.010000 0 52.010000
52.010000 1 52.010000
53.010000 0 53.010000
53.010000 1 53.010000
54.010000 0 54.010000
54.010000 1 54.010000
55.010000 0 55.010000
55.010000 1 55.010000
56.010000 0 56.010000
56.010000 1 56.010000
57.010000 0 57.010000
57.010000 1 57.010000
58.010000 0 58.010000
58.010000 1 58.010000
59.010000 0 59.010000
59.010000 1 59.010000
60.010000 0 60.010000
60.010000 1 60.010000
61.010000 0 61.010000
61.010000 1 61.010000
62.010000 0 62.010000
62.010000 1 62.010000
63.010000 0 63.010000
63.010000 1 63.010000
64.010000 0 64.010000
64.010000 1 64.010000
65.010000 0 65.010000
65.010000 1 65.010000
66.010000 0 66.010000
66.010000 1 66.010000
67.010000 0 67.010000
67.010000 1 67.010000
68.010000 0 68.010000
68.010000 1 68.010000
69.010000 0 69.010000
69.010000 1 69.010000
70.010000 0 70.010000
70.010000 1 70.010000
71.010000 0 71.010000
71.010000 1 71.010000
72.010000 0 72.010000
72.010000 1 72.010000
73.010000 0 73.010000
73.010000 1 73.010000
74.010000 0 74.010000
74.010000 1 74.010000
75.010000 0 75.010000
75.010000 1 75.010000
76.010000 0 76.010000
76.010000 1 76.010000
77.010000 0 77.010000
77.010000 1 77.010000
78.010000 0 78.010000
78.010000 1 78.010000
79.010000 0 79.010000
79.010000 1 79.010000
80.010000 0 80.010000
80.010000 1 80.010000
81.010000 0 81.010000
81.010000 1 81.010000
82.010000 0 82.010000
82.010000 1 82.010000
83.010000 0 83.010000
83.010000 1 83.010000
84.010000 0 84.010000
84.010000 1 84.010000
85.010000 0 85.010000
85.010000 1 85.010000
86.010000 0 86.010000
86.010000 1 86.010000
87.010000 0 87.010000
87.010000 1 87.010000
88.010000 0 88.010000
88.010000 1 88.010000
89.010000 0 89.010000
89.010000 1 89.010000
90.010000 0 90.010000
90.010000 1 90.010000
91.010000 0 91.010000
91.010000 1 91.010000
92.010000 0 92.010000
92.010000 1 92.010000
93.010000 0 93.010000
93.010000 1 93.010000
94.010000 0 94.010000
94.010000 1 94.010000
95.010000 0 95.010000
95.010000 1 95.010000
96.010000 0 96.010000
96.010000 1 96.010000
97.010000 0 97.010000
97.010000 1 97.010000
98.010000 0 98.010000
98.010000 1 98.010000
99.010000 0 99.010000
99.010000 1 99.010000
100.010000 0 100.010000
100.010000 1 100.010000
101.010000 0 101.010000
101.010000 1 101.010000
102.010000 0 102.010000
102.010000 1 102.010000
103.010000 0 103.010000
103.010000 1 103.010000
104.010000 0 104.010000
104.010000 1 104.010000
105.010000 0 105.010000
105.010000 1 105.010000
106.010000 0 106.010000
106.010000 1 106.010000
107.010000 0 107.010000
107.010000 1 107.010000
108.010000 0 108.010000
108.010000 1 108.010000
109.010000 0 109.010000
109.010000 1 109.010000
110.010000 0 110.010000
110.010000 1 110.010000
111.010000 0 111.010000
111.010000 1 111.010000
112.010000 0 112.010000
112.010000 1 112.010000
113.010000 0 113.010000
113.010000 1 113.010000
114.010000 0 114.010000
114.010000 1 114.010000
115.010000 0 115.010000
115.010000 1 115.010000
116.010000 0 116.010000
116.010000 1 116.010000
117.010000 0 117.010000
117.010000 1 117.010000
118.010000 0 118.010000
118.010000 1 118.010000
119.010000 0 119.010000
119.010000 1 119.010000
120.010000 0 120.010000
120.010000 1 120.010000
121.010000 0 121.010000
121.010000 1 121.010000
122.010000 0 122.010000
122.010000 1 122.010000
123.010000 0 123.010000
123.010000 1 123.010000
124.010000 0 124.010000
124.010000 1 124.010000
125.010000 0 125.010000
125.010000 1 125.010000
126.010000 0 126.010000
126.010000 1 126.010000
127.010000 0 127.010000
127.010000 1 127.010000
128.010000 0 128.010000
128.010000 1 128.010000
129.010000 0 129.010000
129.010000 1 129.010000
130.010000 0 130.010000
130.010000 1 130.010000
131.010000 0 131.010000
131.010000 1 131.010000
132.010000 0 132.010000
132.010000 1 132.010000
133.010000 0 133.010000
133.010000 1 133.010000
134.010000 0 134.010000
134.010000 1 134.010000
135.010000 0 135.010000
135.010000 1 135.010000
136.010000 0 136.010000
136.010000 1 136.010000
137.010000 0 137.010000
137.010000 1 137.010000
138.010000 0 138.010000
138.010000 1 138.010000
139.010000 0 139.010000
139.010000 1 139.010000
140.010000 0 140.010000
140.010000 1 140.010000
141.010000 0 141.010000
141.010000 1 141.010000
142.010000 0 142.010000
142.010000 1 142.010000
143.010000 0 143.010000
143.010000 1 143.010000
144.010000 0 144.010000
144.010000 1 144.010000
145.010000 0 145.010000
145.010000 1 145.010000
146.010000 0 146.010000
146.010000 1 146.010000
147.010000 0 147.010000
147.010000 1 147.010000
148.010000 0 148.010000
148.010000 1 148.010000
149.010000 0 149.010000
149.010000 1 149.010000
0.010000 0 0.010000
0.010000 1 0.010000
1.010000 0 1.010000
1.010000 1 1.010000
2.010000 0 2.010000
2.010000 1 2.010000
3.010000 0 3.010000
3.010000 1 3.010000
4.010000 0 4.010000
4.010000 1 4.010000
5.010000 0 5.010000
5.010000 1 5.010000
6.010000 0 6.010000
6.010000 1 6.010000
7.010000 0 7.010000
7.010000 1 7.010000
8.010000 0 8.010000
8.010000 1 8.010000
9.010000 0 9.010000
9.010000 1 9.010000
10.010000 0 10.010000
10.010000 1 10.010000
11.010000 0 11.010000
11.010000 1 11.010000
12.010000 0 12.010000
12.010000 1 12.010000
13.010000 0 13.010000
13.010000 1 13.010000
14.010000 0 14.010000
14.010000 1 14.010000
15.010000 0 15.010000
15.010000 1 15.010000
16.010000 0 16.010000
16.010000 1 16.010000
17.010000 0 17.010000
17.010000 1 17.010000
18.010000 0 18.010000
18.010000 1 18.010000
19.010000 0 19.010000
19.010000 1 19.010000
20.010000 0 20.010000
20.010000 1 20.010000
21.010000 0 21.010000
21.010000 1 21.010000
22.010000 0 22.010000
22.010000 1 22.010000
23.010000 0 23.010000
23.010000 1 23.010000
24.010000 0 24.010000
24.010000 1 24.010000
25.010000 0 25.010000
25.010000 1 25.010000
26.010000 0 26.010000
26.010000 1 26.010000
27.010000 0 27.010000
27.010000 1 27.010000
28.010000 0 28.010000
28.010000 1 28.010000
29.010000 0 29.010000
29.010000 1 29.010000
30.010000 0 30.010000
30.010000 1 30.010000
31.010000 0 31.010000
31.010000 1 31.010000
32.010000 0 32.010000
32.010000 1 32.010000
33.010000 0 33.010000
33.010000 1 33.010000
34.010000 0 34.010000
34.010000 1 34.010000
35.010000 0 35.010000
35.010000 1 35.010000
36.010000 0 36.010000
36.010000 1 36.010000
37.010000 0 37.010000
37.010000 1 37.010000
38.010000 0 38.010000
38.010000 1 38.010000
39.010000 0 39.010000
39.010000 1 39.010000
40.010000 0 40.010000
40.010000 1 40.010000
41.010000 0 41.010000
41.010000 1 41.010000
42.010000 0 42.010000
42.010000 1 42.010000
43.010000 0 43.010000
43.010000 1 43.010000
44.010000 0 44.010000
44.010000 1 44.010000
45.010000 0 45.010000
45.010000 1 45.010000
46.010000 0 46.010000
46.010000 1 46.010000
47.010000 0 47.010000
47.010000 1 47.010000
48.010000 0 48.010000
48.010000 1 48.010000
49.010000 0 49.010000
49.010000 1 49.010000
50.010000 0 50.010000
50.010000 1 50.010000
51.010000 0 51.010000
51.010000 1 51.010000
52.010000 0 52.010000
52.010000 1 52.010000
53.010000 0 53.010000
53.010000 1 53.010000
54.010000 0 54.010000
54.010000 1 54.010000
55.010000 0 55.010000
55.010000 1 55.010000
56.010000 0 56.010000
56.010000 1 56.010000
57.010000 0 57.010000
57.010000 1 57.010000
58.010000 0 58.010000
58.010000 1 58.010000
59.010000 0 59.010000
59.010000 1 59.010000
60.010000 0 60.010000
60.010000 1 60.010000
61.010000 0 61.010000
61.010000 1 61.010000
62.010000 0 62.010000
62.010000 1 62.010000
63.010000 0 63.010000
63.010000 1 63.010000
64.010000 0 64.010000
64.010000 1 64.010000
65.010000 0 65.010000
65.010000 1 65.010000
66.010000 0 66.010000
66.010000 1 66.010000
67.010000 0 67.010000
67.010000 1 67.010000
68.010000 0 68.010000
68.010000 1 68.010000
69.010000 0 69.010000
69.010000 1 69.010000
70.010000 0 70.010000
70.010000 1 70.010000
71.010000 0 71.010000
71.010000 1 71.010000
72.010000 0 72.010000
72.010000 1 72.010000
73.010000 0 73.010000
73.010000 1 73.010000
74.010000 0 74.010000
74.010000 1 74.010000
75.010000 0 75.010000
75.010000 1 75.010000
76.010000 0 76.010000
76.010000 1 76.010000
77.010000 0 77.010000
77.010000 1 77.010000
78.010000 0 78.010000
78.010000 1 78.010000
79.010000 0 79.010000
79.010000 1 79.010000
80.010000 0 80.010000
80.010000 1 80.010000
81.010000 0 81.010000
81.010000 1 81.010000
82.010000 0 82.010000
82.010000 1 82.010000
83.010000 0 83.010000
83.010000 1 83.010000
84.010000 0 84.010000
84.010000 1 84.010000
85.010000 0 85.010000
85.010000 1 85.010000
86.010000 0 86.010000
86.010000 1 86.010000
87.010000 0 87.010000
87.010000 1 87.010000
88.010000 0 88.010000
88.010000 1 88.010000
89.010000 0 89.010000
89.010000 1 89.010000
90.010000 0 90.010000
90.010000 1 90.010000
91.010000 0 91.010000
91.010000 1 91.010000
92.010000 0 92.010000
92.010000 1 92.010000
93.010000 0 93.010000
93.010000 1 93.010000
94.010000 0 94.010000
94.010000 1 94.010000
95.010000 0 95.010000
95.010000 1 95.010000
96.010000 0 96.010000
96.010000 1 96.010000
97.010000 0 97.010000
97.010000 1 97.010000
98.010000 0 98.010000
98.010000 1 98.010000
99.010000 0 99.010000
99.010000 1 99.010000
100.010000 0 100.010000
100.010000 1 100.010000
101.010000 0 101.010000
101.010000 1 101.010000
102.010000 0 102.010000
102.010000 1 102.010000
103.010000 0 103.010000
103.010000 1 103.010000
104.010000 0 104.010000
104.010000 1 104.010000
105.010000 0 105.010000
105.010000 1 105.010000
106.010000 0 106.010000
106.010000 1 106.010000
107.010000 0 107.010000
107.010000 1 107.010000
108.010000 0 108.010000
108.010000 1 108.010000
109.010000 0 109.010000
109.010000 1 109.010000
110.010000 0 110.010000
110.010000 1 110.010000
111.010000 0 111.010000
111.010000 1 111.010000
112.010000 0 112.010000
112.010000 1 112.010000
113.010000 0 113.010000
113.010000 1 113.010000
114.010000 0 114.010000
114.010000 1 114.010000
115.010000 0 115.010000
115.010000 1 115.010000
116.010000 0 116.010000
116.010000 1 116.010000
117.010000 0 117.010000
117.010000 1 117.010000
118.010000 0 118.010000
118.010000 1 118.010000
119.010000 0 119.010000
119.010000 1 119.010000
120.010000 0 120.010000
120.010000 1 120.010000
121.010000 0 121.010000
121.010000 1 121.010000
122.010000 0 122.010000
122.010000 1 122.010000
123.010000 0 123.010000
123.010000 1 123.010000
124.010000 0 124.010000
124.010000 1 124.010000
125.010000 0 125.010000
125.010000 1 125.010000
126.010000 0 126.010000
126.010000 1 126.010000
127.010000 0 127.010000
127.010000 1 127.010000
128.010000 0 128.010000
128.010000 1 128.010000
129.010000 0 129.010000
129.010000 1 129.010000
130.010000 0 130.010000
130.010000 1 130.010000
131.010000 0 131.010000
131.010000 1 131.010000
132.010000 0 132.010000
132.010000 1 132.010000
133.010000 0 133.010000
133.010000 1 133.010000
134.010000 0 134.010000
134.010000 1 134.010000
135.010000 0 135.010000
135.010000 1 135.010000
136.010000 0 136.010000
136.010000 1 136.010000
137.010000 0 137.010000
137.010000 1 137.010000
138.010000 0 138.010000
138.010000 1 138.010000
139.010000 0 139.010000
139.010000 1 139.010000
140.010000 0 140.010000
140.010000 1 140.010000
141.010000 0 141.010000
141.010000 1 141.010000
142.010000 0 142.010000
142.010000 1 142.010000
143.010000 0 143.010000
143.010000 1 143.010000
144.010000 0 144.010000
144.010000 1 144.010000
145.010000 0 145.010000
145.010000 1 145.010000
146.010000 0 146.010000
146.010000 1 146.010000
147.010000 0 147.010000
147.010000 1 147.010000
148.010000 0 148.010000
148.010000 1 148.010000
149.010000 0 149.010000
149.010000 1 149.010000
0.010000 0 0.010000
0.010000 1 0.010000
1.010000 0 1.010000
1.010000 1 1.010000
2.010000 0 2.010000
2.010000 1 2.010000
3.010000 0 3.010000
3.010000 1 3.010000
4.010000 0 4.010000
4.010000 1 4.010000
5.010000 0 5.010000
5.010000 1 5.010000
6.010000 0 6.010000
6.010000 1 6.010000
7.010000 0 7.010000
7.010000 1 7.010000
8.010000 0 8.010000
8.010000 1 8.010000
9.010000 0 9.010000
9.010000 1 9.010000
10.010000 0 10.010000
10.010000 1 10.010000
11.010000 0 11.010000
11.010000 1 11.010000
12.010000 0 12.010000
12.010000 1 12.010000
13.010000 0 13.010000
13.010000 1 13.010000
14.010000 0 14.010000
14.010000 1 14.010000
15.010000 0 15.010000
15.010000 1 15.010000
16.010000 0 16.010000
16.010000 1 16.010000
17.010000 0 17.010000
17.010000 1 17.010000
18.010000 0 18.010000
18.010000 1 18.010000
19.010000 0 19.010000
19.010000 1 19.010000
20.010000 0 20.010000
20.010000 1 20.010000
21.010000 0 21.010000
21.010000 1 21.010000
22.010000 0 22.010000
22.010000 1 22.010000
23.010000 0 23.010000
23.010000 1 23.010000
24.010000 0 24.010000
24.010000 1 24.010000
25.010000 0 25.010000
25.010000 1 25.010000
26.010000 0 26.010000
26.010000 1 26.010000
27.010000 0 27.010000
27.010000 1 27.010000
28.010000 0 28.010000
28.010000 1 28.010000
29.010000 0 29.010000
29.010000 1 29.010000
30.010000 0 30.010000
30.010000 1 30.010000
31.010000 0 31.010000
31.010000 1 31.010000
32.010000 0 32.010000
32.010000 1 32.010000
33.010000 0 33.010000
33.010000 1 33.010000
34.010000 0 34.010000
34.010000 1 34.010000
35.010000 0 35.010000
35.010000 1 35.010000
36.010000 0 36.010000
36.010000 1 36.010000
37.010000 0 37.010000
37.010000 1 37.010000
38.010000 0 38.010000
38.010000 1 38.010000
39.010000 0 39.010000
39.010000 1 39.010000
40.010000 0 40.010000
40.010000 1 40.010000
41.010000 0 41.010000
41.010000 1 41.010000
42.010000 0 42.010000
42.010000 1 42.010000
43.010000 0 43.010000
43.010000 1 43.010000
44.010000 0 44.010000
44.010000 1 44.010000
45.010000 0 45.010000
45.010000 1 45.010000
46.010000 0 46.010000
46.010000 1 46.010000
47.010000 0 47.010000
47.010000 1 47.010000
48.010000 0 48.010000
48.010000 1 48.010000
49.010000 0 49.010000
49.010000 1 49.010000
50.010000 0 50.010000
50.010000 1 50.010000
51.010000 0 51.010000
51.010000 1 51.010000
52.010000 0 52.010000
52.010000 1 52.010000
53.010000 0 53.010000
53.010000 1 53.010000
54.010000 0 54.010000
54.010000 1 54.010000
55.010000 0 55.010000
55.010000 1 55.010000
56.010000 0 56.010000
56.010000 1 56.010000
57.010000 0 57.010000
57.010000 1 57.010000
58.010000 0 58.010000
58.010000 1 58.010000
59.010000 0 59.010000
59.010000 1 59.010000
60.010000 0 60.010000
60.010000 1 60.010000
61.010000 0 61.010000
61.010000 1 61.010000
62.010000 0 62.010000
62.010000 1 62.010000
63.010000 0 63.010000
63.010000 1 63.010000
64.010000 0 64.010000
64.010000 1 64.010000
65.010000 0 65.010000
65.010000 1 65.010000
66.010000 0 66.010000
66.010000 1 66.010000
67.010000 0 67.010000
67.010000 1 67.010000
68.010000 0 68.010000
68.010000 1 68.010000
69.010000 0 69.010000
69.010000 1 69.010000
70.010000 0 70.010000
70.010000 1 70.010000
71.010000 0 71.010000
71.010000 1 71.010000
72.010000 0 72.010000
72.010000 1 72.010000
73.010000 0 73.010000
73.010000 1 73.010000
74.010000 0 74.010000
74.010000 1 74.010000
75.010000 0 75.010000
75.010000 1 75.010000
76.010000 0 76.010000
76.010000 1 76.010000
77.010000 0 77.010000
77.010000 1 77.010000
78.010000 0 78.010000
78.010000 1 78.010000
79.010000 0 79.010000
79.010000 1 79.010000
80.010000 0 80.010000
80.010000 1 80.010000
81.010000 0 81.010000
81.010000 1 81.010000
82.010000 0 82.010000
82.010000 1 82.010000
83.010000 0 83.010000
83.010000 1 83.010000
84.010000 0 84.010000
84.010000 1 84.010000
85.010000 0 85.010000
85.010000 1 85.010000
86.010000 0 86.010000
86.010000 1 86.010000
87.010000 0 87.010000
87.010000 1 87.010000
88.010000 0 88.010000
88.010000 1 88.010000
89.010000 0 89.010000
89.010000 1 89.010000
90.010000 0 90.010000
90.010000 1 90.010000
91.010000 0 91.010000
91.010000 1 91.010000
92.010000 0 92.010000
92.010000 1 92.010000
93.010000 0 93.010000
93.010000 1 93.010000
94.010000 0 94.010000
94.010000 1 94.010000
95.010000 0 95.010000
95.010000 1 95.010000
96.010000 0 96.010000
96.010000 1 96.010000
97.010000 0 97.010000
97.010000 1 97.010000
98.010000 0 98.010000
98.010000 1 98.010000
99.010000 0 99.010000
99.010000 1 99.010000
100.010000 0 100.010000
100.010000 1 100.010000
101.010000 0 101.010000
101.010000 1 101.010000
102.010000 0 102.010000
102.010000 1 102.010000
103.010000 0 103.010000
103.010000 1 103.010000
104.010000 0 104.010000
104.010000 1 104.010000
105.010000 0 105.010000
105.010000 1 105.010000
106.010000 0 106.010000
106.010000 1 106.010000
107.010000 0 107.010000
107.010000 1 107.010000
108.010000 0 108.010000
108.010000 1 108.010000
109.010000 0 109.010000
109.010000 1 109.010000
110.010000 0 110.010000
110.010000 1 110.010000
111.010000 0 111.010000
111.010000 1 111.010000
112.010000 0 112.010000
112.010000 1 112.010000
113.010000 0 113.010000
113.010000 1 113.010000
114.010000 0 114.010000
114.010000 1 114.010000
115.010000 0 115.010000
115.010000 1 115.010000
116.010000 0 116.010000
116.010000 1 116.010000
117.010000 0 117.010000
117.010000 1 117.010000
118.010000 0 118.010000
118.010000 1 118.010000
119.010000 0 119.010000
119.010000 1 119.010000
120.010000 0 120.010000
120.010000 1 120.010000
121.010000 0 121.010000
121.010000 1 121.010000
122.010000 0 122.010000
122.010000 1 122.010000
123.010000 0 123.010000
123.010000 1 123.010000
124.010000 0 124.010000
124.010000 1 124.010000
125.010000 0 125.010000
125.010000 1 125.010000
126.010000 0 126.010000
126.010000 1 126.010000
127.010000 0 127.010000
127.010000 1 127.010000
128.010000 0 128.010000
128.010000 1 128.010000
129.010000 0 129.010000
129.010000 1 129.010000
130.010000 0 130.010000
130.010000 1 130.010000
131.010000 0 131.010000
131.010000 1 131.010000
132.010000 0 132.010000
132.010000 1 132.010000
133.010000 0 133.010000
133.010000 1 133.010000
134.010000 0 134.010000
134.010000 1 134.010000
135.010000 0 135.010000
135.010000 1 135.010000
136.010000 0 136.010000
136.010000 1 136.010000
137.010000 0 137.010000
137.010000 1 137.010000
138.010000 0 138.010000
138.010000 1 138.010000
139.010000 0 139.010000
139.010000 1 139.010000
140.010000 0 140.010000
140.010000 1 140.010000
141.010000 0 141.010000
141.010000 1 141.010000
142.010000 0 142.010000
142.010000 1 142.010000
143.010000 0 143.010000
143.010000 1 143.010000
144.010000 0 144.010000
144.010000 1 144.010000
145.010000 0 145.010000
145.010000 1 145.010000
146.010000 0 146.010000
146.010000 1 146.010000
147.010000 0 147.010000
147.010000 1 147.010000
148.010000 0 148.010000
148.010000 1 148.010000
149.010000 0 149.010000
149.010000 1 149.010000
0.010000 0 0.010000
0.010000 1 0.010000
1.010000 0 1.010000
1.010000 1 1.010000
2.010000 0 2.010000
2.010000 1 2.010000
3.010000 0 3.010000
3.010000 1 3.010000
4.010000 0 4.010000
4.010000 1 4.010000
5.010000 0 5.010000
5.010000 1 5.010000
6.010000 0 6.010000
6.010000 1 6.010000
7.010000 0 7.010000
7.010000 1 7.010000
8.010000 0 8.010000
8.010000 1 8.010000
9.010000 0 9.010000
9.010000 1 9.010000
10.010000 0 10.010000
10.010000 1 10.010000
11.010000 0 11.010000
11.010000 1 11.010000
12.010000 0 12.010000
12.010000 1 12.010000
13.010000 0 13.010000
13.010000 1 13.010000
14.010000 0 14.010000
14.010000 1 14.010000
15.010000 0 15.010000
15.010000 1 15.010000
16.010000 0 16.010000
16.010000 1 16.010000
17.010000 0 17.010000
17.010000 1 17.010000
18.010000 0 18.010000
18.010000 1 18.010000
19.010000 0 19.010000
19.010000 1 19.010000
20.010000 0 20.010000
20.010000 1 20.010000
21.010000 0 21.010000
21.010000 1 21.010000
22.010000 0 22.010000
22.010000 1 22.010000
23.010000 0 23.010000
23.010000 1 23.010000
24.010000 0 24.010000
24.010000 1 24.010000
25.010000 0 25.010000
25.010000 1 25.010000
26.010000 0 26.010000
26.010000 1 26.010000
27.010000 0 27.010000
27.010000 1 27.010000
28.010000 0 28.010000
28.010000 1 28.010000
29.010000 0 29.010000
29.010000 1 29.010000
30.010000 0 30.010000
30.010000 1 30.010000
31.010000 0 31.010000
31.010000 1 31.010000
32.010000 0 32.010000
32.010000 1 32.010000
33.010000 0 33.010000
33.010000 1 33.010000
34.010000 0 34.010000
34.010000 1 34.010000
35.010000 0 35.010000
35.010000 1 35.010000
36.010000 0 36.010000
36.010000 1 36.010000
37.010000 0 37.010000
37.010000 1 37.010000
38.010000 0 38.010000
38.010000 1 38.010000
39.010000 0 39.010000
39.010000 1 39.010000
40.010000 0 40.010000
40.010000 1 40.010000
41.010000 0 41.010000
41.010000 1 41.010000
42.010000 0 42.010000
42.010000 1 42.010000
43.010000 0 43.010000
43.010000 1 43.010000
44.010000 0 44.010000
44.010000 1 44.010000
45.010000 0 45.010000
45.010000 1 45.010000
46.010000 0 46.010000
46.010000 1 46.010000
47.010000 0 47.010000
47.010000 1 47.010000
48.010000 0 48.010000
48.010000 1 48.010000
49.010000 0 49.010000
49.010000 1 49.010000
50.010000 0 50.010000
50.010000 1 50.010000
51.010000 0 51.010000
51.010000 1 51.010000
52.010000 0 52.010000
52.010000 1 52.010000
53.010000 0 53.010000
53.010000 1 53.010000
54.010000 0 54.010000
54.010000 1 54.010000
55.010000 0 55.010000
55.010000 1 55.010000
56.010000 0 56.010000
56.010000 1 56.010000
57.010000 0 57.010000
57.010000 1 57.010000
58.010000 0 58.010000
58.010000 1 58.010000
59.010000 0 59.010000
59.010000 1 59.010000
60.010000 0 60.010000
60.010000 1 60.010000
61.010000 0 61.010000
61.010000 1 61.010000
62.010000 0 62.010000
62.010000 1 62.010000
63.010000 0 63.010000
63.010000 1 63.010000
64.010000 0 64.010000
64.010000 1 64.010000
65.010000 0 65.010000
65.010000 1 65.010000
66.010000 0 66.010000
66.010000 1 66.010000
67.010000 0 67.010000
67.010000 1 67.010000
68.010000 0 68.010000
68.010000 1 68.010000
69.010000 0 69.010000
69.010000 1 69.010000
70.010000 0 70.010000
70.010000 1 70.010000
71.010000 0 71.010000
71.010000 1 71.010000
72.010000 0 72.010000
72.010000 1 72.010000
73.010000 0 73.010000
73.010000 1 73.010000
74.010000 0 74.010000
74.010000 1 74.010000
75.010000 0 75.010000
75.010000 1 75.010000
76.010000 0 76.010000
76.010000 1 76.010000
77.010000 0 77.010000
77.010000 1 77.010000
78.010000 0 78.010000
78.010000 1 78.010000
79.010000 0 79.010000
79.010000 1 79.010000
80.010000 0 80.010000
80.010000 1 80.010000
81.010000 0 81.010000
81.010000 1 81.010000
82.010000 0 82.010000
82.010000 1 82.010000
83.010000 0 83.010000
83.010000 1 83.010000
84.010000 0 84.010000
84.010000 1 84.010000
85.010000 0 85.010000
85.010000 1 85.010000
86.010000 0 86.010000
86.010000 1 86.010000
87.010000 0 87.010000
87.010000 1 87.010000
88.010000 0 88.010000
88.010000 1 88.010000
89.010000 0 89.010000
89.010000 1 89.010000
90.010000 0 90.010000
90.010000 1 90.010000
91.010000 0 91.010000
91.010000 1 91.010000
92.010000 0 92.010000
92.010000 1 92.010000
93.010000 0 93.010000
93.010000 1 93.010000
94.010000 0 94.010000
94.010000 1 94.010000
95.010000 0 95.010000
95.010000 1 95.010000
96.010000 0 96.010000
96.010000 1 96.010000
97.010000 0 97.010000
97.010000 1 97.010000
98.010000 0 98.010000
98.010000 1 98.010000
99.010000 0 99.010000
99.010000 1 99.010000
100.010000 0 100.010000
100.010000 1 100.010000
101.010000 0 101.010000
101.010000 1 101.010000
102.010000 0 102.010000
102.010000 1 102.010000
103.010000 0 103.010000
103.010000 1 103.010000
104.010000 0 104.010000
104.010000 1 104.010000
105.010000 0 105.010000
105.010000 1 105.010000
106.010000 0 106.010000
106.010000 1 106.010000
107.010000 0 107.010000
107.010000 1 107.010000
108.010000 0 108.010000
108.010000 1 108.010000
109.010000 0 109.010000
109.010000 1 109.010000
110.010000 0 110.010000
110.010000 1 110.010000
111.010000 0 111.010000
111.010000 1 111.010000
112.010000 0 112.010000
112.010000 1 112.010000
113.010000 0 113.010000
113.010000 1 113.010000
114.010000 0 114.010000
114.010000 1 114.010000
115.010000 0 115.010000
115.010000 1 115.010000
116.010000 0 116.010000
116.010000 1 116.010000
117.010000 0 117.010000
117.010000 1 117.010000
118.010000 0 118.010000
118.010000 1 118.010000
119.010000 0 119.010000
119.010000 1 119.010000
120.010000 0 120.010000
120.010000 1 120.010000
121.010000 0 121.010000
121.010000 1 121.010000
122.010000 0 122.010000
122.010000 1 122.010000
123.010000 0 123.010000
123.010000 1 123.010000
124.010000 0 124.010000
124.010000 1 124.010000
125.010000 0 125.010000
125.010000 1 125.010000
126.010000 0 126.010000
126.010000 1 126.010000
127.010000 0 127.010000
127.010000 1 127.010000
128.010000 0 128.010000
128.010000 1 128.010000
129.010000 0 129.010000
129.010000 1 129.010000
130.010000 0 130.010000
130.010000 1 130.010000
131.010000 0 131.010000
131.010000 1 131.010000
132.010000 0 132.010000
132.010000 1 132.010000
133.010000 0 133.010000
133.010000 1 133.010000
134.010000 0 134.010000
134.010000 1 134.010000
135.010000 0 135.010000
135.010000 1 135.010000
136.010000 0 136.010000
136.010000 1 136.010000
137.010000 0 137.010000
137.010000 1 137.010000
138.010000 0 138.010000
138.010000 1 138.010000
139.010000 0 139.010000
139.010000 1 139.010000
140.010000 0 140.010000
140.010000 1 140.010000
141.010000 0 141.010000
141.010000 1 141.010000
142.010000 0 142.010000
142.010000 1 142.010000
143.010000 0 143.010000
143.010000 1 143.010000
144.010000 0 144.010000
144.010000 1 144.010000
145.010000 0 145.010000
145.010000 1 145.010000
146.010000 0 146.010000
146.010000 1 146.010000
147.010000 0 147.010000
147.010000 1 147.010000
148.010000 0 148.010000
148.010000 1 148.010000
149.010000 0 149.010000
149.010000 1 149.010000
0.010000 0 0.010000
0.010000 1 0.010000
1.010000 0 1.010000
1.010000 1 1.010000
2.010000 0 2.010000
2.010000 1 2.010000
3.010000 0 3.010000
3.010000 1 3.010000
4.010000 0 4.010000
4.010000 1 4.010000
5.010000 0 5.010000
5.010000 1 5.010000
6.010000 0 6.010000
6.010000 1 6.010000
7.010000 0 7.010000
7.010000 1 7.010000
8.010000 0 8.010000
8.010000 1 8.010000
9.010000 0 9.010000
9.010000 1 9.010000
10.010000 0 10.010000
10.010000 1 10.010000
11.010000 0 11.010000
11.010000 1 11.010000
12.010000 0 12.010000
12.010000 1 12.010000
13.010000 0 13.010000
13.010000 1 13.010000
14.010000 0 14.010000
14.010000 1 14.010000
15.010000 0 15.010000
15.010000 1 15.010000
16.010000 0 16.010000
16.010000 1 16.010000
17.010000 0 17.010000
17.010000 1 17.010000
18.010000 0 18.010000
18.010000 1 18.010000
19.010000 0 19.010000
19.010000 1 19.010000
20.010000 0 20.010000
20.010000 1 20.010000
21.010000 0 21.010000
21.010000 1 21.010000
22.010000 0 22.010000
22.010000 1 22.010000
23.010000 0 23.010000
23.010000 1 23.010000
24.010000 0 24.010000
24.010000 1 24.010000
25.010000 0 25.010000
25.010000 1 25.010000
26.010000 0 26.010000
26.010000 1 26.010000
27.010000 0 27.010000
27.010000 1 27.010000
28.010000 0 28.010000
28.010000 1 28.010000
29.010000 0 29.010000
29.010000 1 29.010000
30.010000 0 30.010000
30.010000 1 30.010000
31.010000 0 31.010000
31.010000 1 31.010000
32.010000 0 32.010000
32.010000 1 32.010000
33.010000 0 33.010000
33.010000 1 33.010000
34.010000 0 34.010000
34.010000 1 34.010000
35.010000 0 35.010000
35.010000 1 35.010000
36.010000 0 36.010000
36.010000 1 36.010000
37.010000 0 37.010000
37.010000 1 37.010000
38.010000 0 38.010000
38.010000 1 38.010000
39.010000 0 39.010000
39.010000 1 39.010000
40.010000 0 40.010000
40.010000 1 40.010000
41.010000 0 41.010000
41.010000 1 41.010000
42.010000 0 42.010000
42.010000 1 42.010000
43.010000 0 43.010000
43.010000 1 43.010000
44.010000 0 44.010000
44.010000 1 44.010000
45.010000 0 45.010000
45.010000 1 45.010000
46.010000 0 46.010000
46.010000 1 46.010000
47.010000 0 47.010000
47.010000 1 47.010000
48.010000 0 48.010000
48.010000 1 48.010000
49.010000 0 49.010000
49.010000 1 49.010000
50.010000 0 50.010000
50.010000 1 50.010000
51.010000 0 51.010000
51.010000 1 51.010000
52.010000 0 52.010000
52.010000 1 52.010000
53.010000 0 53.010000
53.010000 1 53.010000
54.010000 0 54.010000
54.010000 1 54.010000
55.010000 0 55.010000
55.010000 1 55.010000
56.010000 0 56.010000
56.010000 1 56.010000
57.010000 0 57.010000
57.010000 1 57.010000
58.010000 0 58.010000
58.010000 1 58.010000
59.010000 0 59.010000
59.010000 1 59.010000
60.010000 0 60.010000
60.010000 1 60.010000
61.010000 0 61.010000
61.010000 1 61.010000
62.010000 0 62.010000
62.010000 1 62.010000
63.010000 0 63.010000
63.010000 1 63.010000
64.010000 0 64.010000
64.010000 1 64.010000
65.010000 0 65.010000
65.010000 1 65.010000
66.010000 0 66.010000
66.010000 1 66.010000
67.010000 0 67.010000
67.010000 1 67.010000
68.010000 0 68.010000
68.010000 1 68.010000
69.010000 0 69.010000
69.010000 1 69.010000
70.010000 0 70.010000
70.010000 1 70.010000
71.010000 0 71.010000
71.010000 1 71.010000
72.010000 0 72.010000
72.010000 1 72.010000
73.010000 0 73.010000
73.010000 1 73.010000
74.010000 0 74.010000
74.010000 1 74.010000
75.010000 0 75.010000
75.010000 1 75.010000
76.010000 0 76.010000
76.010000 1 76.010000
77.010000 0 77.010000
77.010000 1 77.010000
78.010000 0 78.010000
78.010000 1 78.010000
79.010000 0 79.010000
79.010000 1 79.010000
80.010000 0 80.010000
80.010000 1 80.010000
81.010000 0 81.010000
81.010000 1 81.010000
82.010000 0 82.010000
82.010000 1 82.010000
83.010000 0 83.010000
83.010000 1 83.010000
84.010000 0 84.010000
84.010000 1 84.010000
85.010000 0 85.010000
85.010000 1 85.010000
86.010000 0 86.010000
86.010000 1 86.010000
87.010000 0 87.010000
87.010000 1 87.010000
88.010000 0 88.010000
88.010000 1 88.010000
89.010000 0 89.010000
89.010000 1 89.010000
90.010000 0 90.010000
90.010000 1 90.010000
91.010000 0 91.010000
91.010000 1 91.010000
92.010000 0 92.010000
92.010000 1 92.010000
93.010000 0 93.010000
93.010000 1 93.010000
94.010000 0 94.010000
94.010000 1 94.010000
95.010000 0 95.010000
95.010000 1 95.010000
96.010000 0 96.010000
96.010000 1 96.010000
97.010000 0 97.010000
97.010000 1 97.010000
98.010000 0 98.010000
98.010000 1 98.010000
99.010000 0 99.010000
99.010000 1 99.010000
100.010000 0 100.010000
100.010000 1 100.010000
101.010000 0 101.010000
101.010000 1 101.010000
102.010000 0 102.010000
102.010000 1 102.010000
103.010000 0 103.010000
103.010000 1 103.010000
104.010000 0 104.010000
104.010000 1 104.010000
105.010000 0 105.010000
105.010000 1 105.010000
106.010000 0 106.010000
106.010000 1 106.010000
107.010000 0 107.010000
107.010000 1 107.010000
108.010000 0 108.010000
108.010000 1 108.010000
109.010000 0 109.010000
109.010000 1 109.010000
110.010000 0 110.010000
110.010000 1 110.010000
111.010000 0 111.010000
111.010000 1 111.010000
112.010000 0 112.010000
112.010000 1 112.010000
113.010000 0 113.010000
113.010000 1 113.010000
114.010000 0 114.010000
114.010000 1 114.010000
115.010000 0 115.010000
115.010000 1 115.010000
116.010000 0 116.010000
116.010000 1 116.010000
117.010000 0 117.010000
117.010000 1 117.010000
118.010000 0 118.010000
118.010000 1 118.010000
119.010000 0 119.010000
119.010000 1 119.010000
120.010000 0 120.010000
120.010000 1 120.010000
121.010000 0 121.010000
121.010000 1 121.010000
122.010000 0 122.010000
122.010000 1 122.010000
123.010000 0 123.010000
123.010000 1 123.010000
124.010000 0 124.010000
124.010000 1 124.010000
125.010000 0 125.010000
125.010000 1 125.010000
126.010000 0 126.010000
126.010000 1 126.010000
127.010000 0 127.010000
127.010000 1 127.010000
128.010000 0 128.010000
128.010000 1 128.010000
129.010000 0 129.010000
129.010000 1 129.010000
130.010000 0 130.010000
130.010000 1 130.010000
131.010000 0 131.010000
131.010000 1 131.010000
132.010000 0 132.010000
132.010000 1 132.010000
133.010000 0 133.010000
133.010000 1 133.010000
134.010000 0 134.010000
134.010000 1 134.010000
135.010000 0 135.010000
135.010000 1 135.010000
136.010000 0 136.010000
136.010000 1 136.010000
137.010000 0 137.010000
137.010000 1 137.010000
138.010000 0 138.010000
138.010000 1 138.010000
139.010000 0 139.010000
139.010000 1 139.010000
140.010000 0 140.010000
140.010000 1 140.010000
141.010000 0 141.010000
141.010000 1 141.010000
142.010000 0 142.010000
142.010000 1 142.010000
143.010000 0 143.010000
143.010000 1 143.010000
144.010000 0 144.010000
144.010000 1 144.010000
145.010000 0 145.010000
145.010000 1 145.010000
146.010000 0 146.010000
146.010000 1 146.010000
147.010000 0 147.010000
147.010000 1 147.010000
148.010000 0 148.010000
148.010000 1 148.010000
149.010000 0 149.010000
149.010000 1 149.010000
0.010000 0 0.010000
0.010000 1 0.010000
1.010000 0 1.010000
1.010000 1 1.010000
2.010000 0 2.010000
2.010000 1 2.010000
3.010000 0 3.010000
3.010000 1 3.010000
4.010000 0 4.010000
4.010000 1 4.010000
5.010000 0 5.010000
5.010000 1 5.010000
6.010000 0 6.010000
6.010000 1 6.010000
7.010000 0 7.010000
7.010000 1 7.010000
8.010000 0 8.010000
8.010000 1 8.010000
9.010000 0 9.010000
9.010000 1 9.010000
10.010000 0 10.010000
10.010000 1 10.010000
11.010000 0 11.010000
11.010000 1 11.010000
12.010000 0 12.010000
12.010000 1 12.010000
13.010000 0 13.010000
13.010000 1 13.010000
14.010000 0 14.010000
14.010000 1 14.010000
15.010000 0 15.010000
15.010000 1 15.010000
16.010000 0 16.010000
16.010000 1 16.010000
17.010000 0 17.010000
17.010000 1 17.010000
18.010000 0 18.010000
18.010000 1 18.010000
19.010000 0 19.010000
19.010000 1 19.010000
20.010000 0 20.010000
20.010000 1 20.010000
21.010000 0 21.010000
21.010000 1 21.010000
22.010000 0 22.010000
22.010000 1 22.010000
23.010000 0 23.010000
23.010000 1 23.010000
24.010000 0 24.010000
24.010000 1 24.010000
25.010000 0 25.010000
25.010000 1 25.010000
26.010000 0 26.010000
26.010000 1 26.010000
27.010000 0 27.010000
27.010000 1 27.010000
28.010000 0 28.010000
28.010000 1 28.010000
29.010000 0 29.010000
29.010000 1 29.010000
30.010000 0 30.010000
30.010000 1 30.010000
31.010000 0 31.010000
31.010000 1 31.010000
32.010000 0 32.010000
32.010000 1 32.010000
33.010000 0 33.010000
33.010000 1 33.010000
34.010000 0 34.010000
34.010000 1 34.010000
35.010000 0 35.010000
35.010000 1 35.010000
36.010000 0 36.010000
36.010000 1 36.010000
37.010000 0 37.010000
37.010000 1 37.010000
38.010000 0 38.010000
38.010000 1 38.010000
39.010000 0 39.010000
39.010000 1 39.010000
40.010000 0 40.010000
40.010000 1 40.010000
41.010000 0 41.010000
41.010000 1 41.010000
42.010000 0 42.010000
42.010000 1 42.010000
43.010000 0 43.010000
43.010000 1 43.010000
44.010000 0 44.010000
44.010000 1 44.010000
45.010000 0 45.010000
45.010000 1 45.010000
46.010000 0 46.010000
46.010000 1 46.010000
47.010000 0 47.010000
47.010000 1 47.010000
48.010000 0 48.010000
48.010000 1 48.010000
49.010000 0 49.010000
49.010000 1 49.010000
50.010000 0 50.010000
50.010000 1 50.010000
51.010000 0 51.010000
51.010000 1 51.010000
52.010000 0 52.010000
52.010000 1 52.010000
53.010000 0 53.010000
53.010000 1 53.010000
54.010000 0 54.010000
54.010000 1 54.010000
55.010000 0 55.010000
55.010000 1 55.010000
56.010000 0 56.010000
56.010000 1 56.010000
57.010000 0 57.010000
57.010000 1 57.010000
58.010000 0 58.010000
58.010000 1 58.010000
59.010000 0 59.010000
59.010000 1 59.010000
60.010000 0 60.010000
60.010000 1 60.010000
61.010000 0 61.010000
61.010000 1 61.010000
62.010000 0 62.010000
62.010000 1 62.010000
63.010000 0 63.010000
63.010000 1 63.010000
64.010000 0 64.010000
64.010000 1 64.010000
65.010000 0 65.010000
65.010000 1 65.010000
66.010000 0 66.010000
66.010000 1 66.010000
67.010000 0 67.010000
67.010000 1 67.010000
68.010000 0 68.010000
68.010000 1 68.010000
69.010000 0 69.010000
69.010000 1 69.010000
70.010000 0 70.010000
70.010000 1 70.010000
71.010000 0 71.010000
71.010000 1 71.010000
72.010000 0 72.010000
72.010000 1 72.010000
73.010000 0 73.010000
73.010000 1 73.010000
74.010000 0 74.010000
74.010000 1 74.010000
75.010000 0 75.010000
75.010000 1 75.010000
76.010000 0 76.010000
76.010000 1 76.010000
77.010000 0 77.010000
77.010000 1 77.010000
78.010000 0 78.010000
78.010000 1 78.010000
79.010000 0 79.010000
79.010000 1 79.010000
80.010000 0 80.010000
80.010000 1 80.010000
81.010000 0 81.010000
81.010000 1 81.010000
82.010000 0 82.010000
82.010000 1 82.010000
83.010000 0 83.010000
83.010000 1 83.010000
84.010000 0 84.010000
84.010000 1 84.010000
85.010000 0 85.010000
85.010000 1 85.010000
86.010000 0 86.010000
86.010000 1 86.010000
87.010000 0 87.010000
87.010000 1 87.010000
88.010000 0 88.010000
88.010000 1 88.010000
89.010000 0 89.010000
89.010000 1 89.010000
90.010000 0 90.010000
90.010000 1 90.010000
91.010000 0 91.010000
91.010000 1 91.010000
92.010000 0 92.010000
92.010000 1 92.010000
93.010000 0 93.010000
93.010000 1 93.010000
94.010000 0 94.010000
94.010000 1 94.010000
95.010000 0 95.010000
95.010000 1 95.010000
96.010000 0 96.010000
96.010000 1 96.010000
97.010000 0 97.010000
97.010000 1 97.010000
98.010000 0 98.010000
98.010000 1 98.010000
99.010000 0 99.010000
99.010000 1 99.010000
100.010000 0 100.010000
100.010000 1 100.010000
101.010000 0 101.010000
101.010000 1 101.010000
102.010000 0 102.010000
102.010000 1 102.010000
103.010000 0 103.010000
103.010000 1 103.010000
104.010000 0 104.010000
104.010000 1 104.010000
105.010000 0 105.010000
105.010000 1 105.010000
106.010000 0 106.010000
106.010000 1 106.010000
107.010000 0 107.010000
107.010000 1 107.010000
108.010000 0 108.010000
108.010000 1 108.010000
109.010000 0 109.010000
109.010000 1 109.010000
110.010000 0 110.010000
110.010000 1 110.010000
111.010000 0 111.010000
111.010000 1 111.010000
112.010000 0 112.010000
112.010000 1 112.010000
113.010000 0 113.010000
113.010000 1 113.010000
114.010000 0 114.010000
114.010000 1 114.010000
115.010000 0 115.010000
115.010000 1 115.010000
116.010000 0 116.010000
116.010000 1 116.010000
117.010000 0 117.010000
117.010000 1 117.010000
118.010000 0 118.010000
118.010000 1 118.010000
119.010000 0 119.010000
119.010000 1 119.010000
120.010000 0 120.010000
120.010000 1 120.010000
121.010000 0 121.010000
121.010000 1 121.010000
122.010000 0 122.010000
122.010000 1 122.010000
123.010000 0 123.010000
123.010000 1 123.010000
124.010000 0 124.010000
124.010000 1 124.010000
125.010000 0 125.010000
125.010000 1 125.010000
126.010000 0 126.010000
126.010000 1 126.010000
127.010000 0 127.010000
127.010000 1 127.010000
128.010000 0 128.010000
128.010000 1 128.010000
129.010000 0 129.010000
129.010000 1 129.010000
130.010000 0 130.010000
130.010000 1 130.010000
131.010000 0 131.010000
131.010000 1 131.010000
132.010000 0 132.010000
132.010000 1 132.010000
133.010000 0 133.010000
133.010000 1 133.010000
134.010000 0 134.010000
134.010000 1 134.010000
135.010000 0 135.010000
135.010000 1 135.010000
136.010000 0 136.010000
136.010000 1 136.010000
137.010000 0 137.010000
137.010000 1 137.010000
138.010000 0 138.010000
138.010000 1 138.010000
139.010000 0 139.010000
139.010000 1 139.010000
140.010000 0 140.010000
140.010000 1 140.010000
141.010000 0 141.010000
141.010000 1 141.010000
142.010000 0 142.010000
142.010000 1 142.010000
143.010000 0 143.010000
143.010000 1 143.010000
144.010000 0 144.010000
144.010000 1 144.010000
145.010000 0 145.010000
145.010000 1 145.010000
146.010000 0 146.010000
146.010000 1 146.010000
147.010000 0 147.010000
147.010000 1 147.010000
148.010000 0 148.010000
148.010000 1 148.010000
149.010000 0 149.010000
149.010000 1 149.010000
