6.33
11.33
16.33
21.33
26.33
31.33
36.33
41.33
46.33
51.33
56.33
61.33
66.33
71.33
76.33
81.33
86.33
91.33
96.33
101.33
106.33
111.33
116.33
121.33
126.33
131.33
136.33
141.33
146.33
151.33
505.00
510.00
515.00
520.00
525.00
530.00
535.00
540.00
545.00
550.00
555.00
560.00
565.00
570.00
575.00
580.00
585.00
590.00
595.00
600.00
605.00
610.00
615.00
620.00
625.00
630.00
635.00
640.00
645.00
650.00
655.00
660.00
665.00
670.00
675.00
680.00
685.00
690.00
695.00
700.00
705.00
710.00
715.00
720.00
725.00
730.00
735.00
740.00
745.00
750.00
755.00
760.00
765.00
770.00
775.00
780.00
785.00
790.00
795.00
800.00
805.00
810.00
815.00
820.00
825.00
830.00
835.00
840.00
845.00
850.00
855.00
860.00
865.00
870.00
875.00
880.00
885.00
890.00
895.00
900.00
905.00
910.00
915.00
920.00
925.00
930.00
935.00
940.00
945.00
950.00
955.00
960.00
965.00
970.00
975.00
980.00
985.00
990.00
995.00
1000.00
