 ******GRWAVE  (RELEASE 2 AT 23/10/1985 )********
 *****COPYRIGHT  (C)   GEC   PLC   1985   *********
 CCIR Personal Computer Version 1989 Study Group 5 IWP5/1
 
 GRWAVE COMPUTES FIELD STRENGTH-DISTANCE VARIATIONS
 FOR A HOMOGENEOUS CURVED EARTH WITH EXPONENTIALLY
 DECREASING REFRACTIVE INDEX


                     ATMOSPHERIC CONSTANTS
                         REFRACTIVITY =315.00  (N-UNITS)
                         SCALE HEIGHT = 7.350  KM

                     GROUND CONSTANTS
                         RELATIVE PERMITTIVITY =    30.000
                         CONDUCTIVITY =5.0000D-03  SIEMENS/METRE

                     MINIMUM DISTANCE =     1.000  KILOMETRES
                     MAXIMUM DISTANCE =  1000.000  KILOMETRES
                     DSTEP            =     5.000  KILOMETRES


                     FREQUENCY =    1.000 MHZ

                     TRANSMITTER HEIGHT =   228.4  METRES
                     RECIEVER HEIGHT    =  2018.1  METRES

                     DISTANCE      FIELD STRENGTH     BASIC TRANSMISSION LOSS
                        KM            DB(UV/M)               DB           (G) 
                         14.05         82.59                53.52
                         19.05         77.62                58.49
                         24.05         73.67                62.43
                         29.05         70.41                65.69
                         34.05         67.63                68.47
                         39.05         65.19                70.91
                         44.05         63.01                73.09
                         49.05         61.04                75.06
                         54.05         59.24                76.86
                         59.05         57.57                78.53
                         64.05         56.01                80.09
                         69.05         54.55                81.55
                         74.05         53.17                82.93
                         79.05         51.87                84.23
                         84.05         50.65                85.45
                         89.05         49.50                86.60
                         94.05         48.45                87.65
                         99.05         47.49                88.61
                        104.05         46.66                89.45
                        109.05         45.96                90.14
                        114.05         45.42                90.68
                        119.05         45.05                91.06
                        124.05         44.85                91.25
                        129.05         44.81                91.29
                        134.05         44.91                91.19
                        139.05         45.13                90.97
                        144.05         45.44                90.66
                        149.05         45.81                90.29
                        154.05         46.22                89.88
                        159.05         46.66                89.44
                        164.05         47.11                88.99
                        169.05         47.56                88.54
 P0(1) HAS NOT CONVERGED IN RAY
                        179.05         48.45                87.65
                        184.05         48.89                87.21
                        189.05         49.31                86.79
                        194.05         49.72                86.38
                        199.05         50.13                85.98
                        204.05         50.52                85.59
                        209.05         50.90                85.20
                        214.05         51.28                84.83
                        219.05         51.65                84.45
                        224.05         52.03                84.07
                        229.05         52.42                83.69
                        234.05         52.83                83.28
                        239.05         53.28                82.82
                        244.05         53.84                82.26
                        249.05         54.79                81.31
                                                                          (R)
                        505.00         -2.22               138.32
                        510.00         -2.74               138.85
                        515.00         -3.27               139.37
                        520.00         -3.79               139.89
                        525.00         -4.31               140.41
                        530.00         -4.83               140.93
                        535.00         -5.35               141.45
                        540.00         -5.87               141.97
                        545.00         -6.39               142.49
                        550.00         -6.90               143.01
                        555.00         -7.42               143.53
                        560.00         -7.94               144.04
                        565.00         -8.46               144.56
                        570.00         -8.98               145.08
                        575.00         -9.49               145.60
                        580.00        -10.01               146.11
                        585.00        -10.53               146.63
                        590.00        -11.04               147.15
                        595.00        -11.56               147.66
                        600.00        -12.08               148.18
                        605.00        -12.59               148.69
                        610.00        -13.11               149.21
                        615.00        -13.62               149.73
                        620.00        -14.14               150.24
                        625.00        -14.65               150.75
                        630.00        -15.17               151.27
                        635.00        -15.68               151.78
                        640.00        -16.20               152.30
                        645.00        -16.71               152.81
                        650.00        -17.22               153.32
                        655.00        -17.74               153.84
                        660.00        -18.25               154.35
                        665.00        -18.76               154.86
                        670.00        -19.28               155.38
                        675.00        -19.79               155.89
                        680.00        -20.30               156.40
                        685.00        -20.81               156.91
                        690.00        -21.32               157.43
                        695.00        -21.84               157.94
                        700.00        -22.35               158.45
                        705.00        -22.86               158.96
                        710.00        -23.37               159.47
                        715.00        -23.88               159.98
                        720.00        -24.39               160.49
                        725.00        -24.90               161.00
                        730.00        -25.41               161.51
                        735.00        -25.92               162.02
                        740.00        -26.43               162.54
                        745.00        -26.94               163.04
                        750.00        -27.45               163.55
                        755.00        -27.96               164.06
                        760.00        -28.47               164.57
                        765.00        -28.98               165.08
                        770.00        -29.49               165.59
                        775.00        -30.00               166.10
                        780.00        -30.51               166.61
                        785.00        -31.02               167.12
                        790.00        -31.53               167.63
                        795.00        -32.03               168.14
                        800.00        -32.54               168.64
                        805.00        -33.05               169.15
                        810.00        -33.56               169.66
                        815.00        -34.07               170.17
                        820.00        -34.57               170.67
                        825.00        -35.08               171.18
                        830.00        -35.59               171.69
                        835.00        -36.09               172.20
                        840.00        -36.60               172.70
                        845.00        -37.11               173.21
                        850.00        -37.62               173.72
                        855.00        -38.12               174.22
                        860.00        -38.63               174.73
                        865.00        -39.13               175.24
                        870.00        -39.64               175.74
                        875.00        -40.15               176.25
                        880.00        -40.65               176.75
                        885.00        -41.16               177.26
                        890.00        -41.66               177.77
                        895.00        -42.17               178.27
                        900.00        -42.67               178.78
                        905.00        -43.18               179.28
                        910.00        -43.68               179.79
                        915.00        -44.19               180.29
                        920.00        -44.69               180.80
                        925.00        -45.20               181.30
                        930.00        -45.70               181.81
                        935.00        -46.21               182.31
                        940.00        -46.71               182.81
                        945.00        -47.22               183.32
                        950.00        -47.72               183.82
                        955.00        -48.23               184.33
                        960.00        -48.73               184.83
                        965.00        -49.23               185.33
                        970.00        -49.74               185.84
                        975.00        -50.24               186.34
                        980.00        -50.74               186.85
                        985.00        -51.25               187.35
                        990.00        -51.75               187.85
                        995.00        -52.25               188.35
                       1000.00        -52.76               188.86
