0.010000 0 0
0.010000 1 0
1.010000 0 3
1.010000 1 2
2.010000 0 65
2.010000 1 66
3.010000 0 62
3.010000 1 62
4.010000 0 74
4.010000 1 73
5.010000 0 102
5.010000 1 103
6.010000 0 71
6.010000 1 71
7.010000 0 83
7.010000 1 82
8.010000 0 83
8.010000 1 84
9.010000 0 62
9.010000 1 62
10.010000 0 83
10.010000 1 83
11.010000 0 65
11.010000 1 65
12.010000 0 69
12.010000 1 69
13.010000 0 78
13.010000 1 78
14.010000 0 76
14.010000 1 76
15.010000 0 100
15.010000 1 100
16.010000 0 76
16.010000 1 76
17.010000 0 78
17.010000 1 78
18.010000 0 73
18.010000 1 73
19.010000 0 81
19.010000 1 82
20.010000 0 77
20.010000 1 76
21.010000 0 68
21.010000 1 68
22.010000 0 62
22.010000 1 62
23.010000 0 81
23.010000 1 80
24.010000 0 65
24.010000 1 67
25.010000 0 75
25.010000 1 74
26.010000 0 68
26.010000 1 68
27.010000 0 63
27.010000 1 64
28.010000 0 69
28.010000 1 69
29.010000 0 58
29.010000 1 58
30.010000 0 72
30.010000 1 72
31.010000 0 113
31.010000 1 112
32.010000 0 73
32.010000 1 74
33.010000 0 71
33.010000 1 70
34.010000 0 84
34.010000 1 84
35.010000 0 121
35.010000 1 122
36.010000 0 79
36.010000 1 78
37.010000 0 59
37.010000 1 59
38.010000 0 95
38.010000 1 96
39.010000 0 75
39.010000 1 74
40.010000 0 63
40.010000 1 63
41.010000 0 73
41.010000 1 73
42.010000 0 85
42.010000 1 85
43.010000 0 68
43.010000 1 69
44.010000 0 85
44.010000 1 85
45.010000 0 91
45.010000 1 90
46.010000 0 62
46.010000 1 63
47.010000 0 89
47.010000 1 89
48.010000 0 84
48.010000 1 83
49.010000 0 71
49.010000 1 72
50.010000 0 113
50.010000 1 112
51.010000 0 83
51.010000 1 83
52.010000 0 70
52.010000 1 69
53.010000 0 98
53.010000 1 97
54.010000 0 71
54.010000 1 73
55.010000 0 71
55.010000 1 71
56.010000 0 72
56.010000 1 73
57.010000 0 76
57.010000 1 75
58.010000 0 109
58.010000 1 109
59.010000 0 70
59.010000 1 69
60.010000 0 81
60.010000 1 82
61.010000 0 82
61.010000 1 82
62.010000 0 84
62.010000 1 85
63.010000 0 88
63.010000 1 87
64.010000 0 79
64.010000 1 80
65.010000 0 75
65.010000 1 74
66.010000 0 78
66.010000 1 78
67.010000 0 82
67.010000 1 82
68.010000 0 76
68.010000 1 77
69.010000 0 81
69.010000 1 81
70.010000 0 78
70.010000 1 77
71.010000 0 79
71.010000 1 80
72.010000 0 56
72.010000 1 55
73.010000 0 97
73.010000 1 97
74.010000 0 75
74.010000 1 75
75.010000 0 67
75.010000 1 67
76.010000 0 83
76.010000 1 84
77.010000 0 71
77.010000 1 70
78.010000 0 84
78.010000 1 83
79.010000 0 73
79.010000 1 74
80.010000 0 62
80.010000 1 62
81.010000 0 66
81.010000 1 65
82.010000 0 99
82.010000 1 100
83.010000 0 72
83.010000 1 72
84.010000 0 79
84.010000 1 79
85.010000 0 68
85.010000 1 68
86.010000 0 72
86.010000 1 72
87.010000 0 92
87.010000 1 93
88.010000 0 86
88.010000 1 85
89.010000 0 71
89.010000 1 70
90.010000 0 67
90.010000 1 67
91.010000 0 67
91.010000 1 68
92.010000 0 70
92.010000 1 71
93.010000 0 84
93.010000 1 83
94.010000 0 101
94.010000 1 101
95.010000 0 78
95.010000 1 78
96.010000 0 99
96.010000 1 99
97.010000 0 64
97.010000 1 64
98.010000 0 83
98.010000 1 83
99.010000 0 79
99.010000 1 79
100.010000 0 87
100.010000 1 87
101.010000 0 77
101.010000 1 78
102.010000 0 76
102.010000 1 75
103.010000 0 85
103.010000 1 84
104.010000 0 58
104.010000 1 59
105.010000 0 93
105.010000 1 93
106.010000 0 90
106.010000 1 90
107.010000 0 79
107.010000 1 80
108.010000 0 76
108.010000 1 75
109.010000 0 75
109.010000 1 76
110.010000 0 81
110.010000 1 80
111.010000 0 98
111.010000 1 98
112.010000 0 69
112.010000 1 69
113.010000 0 96
113.010000 1 96
114.010000 0 85
114.010000 1 84
115.010000 0 79
115.010000 1 80
116.010000 0 66
116.010000 1 66
117.010000 0 73
117.010000 1 74
118.010000 0 105
118.010000 1 105
119.010000 0 64
119.010000 1 63
120.010000 0 66
120.010000 1 67
121.010000 0 82
121.010000 1 82
122.010000 0 107
122.010000 1 106
123.010000 0 65
123.010000 1 65
124.010000 0 57
124.010000 1 57
125.010000 0 68
125.010000 1 68
126.010000 0 93
126.010000 1 93
127.010000 0 62
127.010000 1 62
128.010000 0 68
128.010000 1 67
129.010000 0 78
129.010000 1 79
130.010000 0 115
130.010000 1 116
131.010000 0 60
131.010000 1 59
132.010000 0 75
132.010000 1 76
133.010000 0 67
133.010000 1 67
134.010000 0 69
134.010000 1 68
135.010000 0 81
135.010000 1 82
136.010000 0 84
136.010000 1 83
137.010000 0 63
137.010000 1 63
138.010000 0 90
138.010000 1 90
139.010000 0 69
139.010000 1 70
140.010000 0 84
140.010000 1 83
141.010000 0 73
141.010000 1 72
142.010000 0 71
142.010000 1 70
143.010000 0 88
143.010000 1 90
144.010000 0 83
144.010000 1 83
145.010000 0 67
145.010000 1 67
146.010000 0 80
146.010000 1 80
147.010000 0 89
147.010000 1 89
148.010000 0 67
148.010000 1 67
149.010000 0 90
149.010000 1 90
